5939
4701
7337
6190
1639
2946
2994
9570
5006
881
4810
7534
7706
2598
3094
4401
4732
382
9580
5099
8085
5213
7149
3253
5624
8359
1894
6005
74
2229
9600
6012
6929
8519
3785
150
3048
6778
9719
8053
7658
6112
7170
6946
8709
1846
2929
3441
2228
2509
122
1895
9303
7271
5147
4928
5630
8623
2515
7285
852
3697
4880
9362
3798
8664
9511
6845
7024
813
6481
6265
6924
5233
4793
5633
7078
7722
656
888
1813
778
2783
2699
8048
7929
7626
5260
6552
1723
4127
8985
7001
9006
9929
799
9252
1023
9226
6277
1836
7289
4124
342
2522
8916
5975
1182
6638
6630
2070
34
8989
6434
2732
7037
4363
1940
3879
2498
5244
8006
3065
2245
7012
2995
3043
7847
4017
2269
4124
7434
9557
8247
7776
3661
8745
3751
4843
5384
1963
8494
6999
953
4928
1313
9571
873
3252
3451
3370
8495
3039
6435
2322
51
1012
5364
9479
5028
9215
3603
2463
355
3432
239
4016
2178
5571
441
9143
9115
8934
7724
1650
5444
9036
2804
6316
3870
7836
1269
3947
875
9285
6268
2507
297
3214
1987
5324
2429
7171
9368
4366
2186
1189
8381
5945
8341
8821
6670
9039
9337
4394
689
6363
5012
5074
2679
464
2910
5529
4410
5366
4814
2260
7873
5110
5473
1442
2017
9484
8612
1385
3850
2380
4156
3813
8324
2497
2634
4994
3118
3553
970
5389
9915
5981
463
4176
8026
3373
9705
2436
321
4519
4695
8193
1212
1751
9634
3228
1235
9829
6194
6666
2209
350
479
534
4429
4694
7109
7546
8246
9661
4517
9743
7224
4980
5501
5251
9934
6788
7686
255
1308
3964
31
4101
5714
9664
7328
8530
1076
3522
5196
3285
5454
5674
5400
1465
1950
4091
593
1778
3752
5110
1521
977
90
8603
6227
24
5392
3913
1860
8281
9458
1890
2382
5172
3137
1292
5284
4212
4813
2062
9078
1849
9317
6060
3313
1267
152
3906
3044
3903
9015
6146
4879
687
4750
1106
2292
1724
6601
4151
5
7641
7623
3968
4396
760
5259
9679
6553
1654
1742
5632
3503
1059
3274
8397
3908
3425
3885
6951
7328
4482
4680
3789
5168
1012
6477
7459
2735
4660
3193
4321
2301
816
9870
6696
1575
5129
6376
9709
8364
9699
5341
3449
2340
8615
3429
7829
3622
7313
6363
2532
1796
1043
6321
8545
2054
4380
6005
6370
9039
780
2273
1340
1595
2143
8036
4751
8853
5994
4460
8799
7275
1384
2249
1197
1581
5677
9026
5202
4572
5389
7734
6367
6431
4055
6495
67
17
4082
8018
9055
4861
291
395
6455
4015
13
2788
2868
7588
7247
1667
6445
8630
5497
7642
1793
2756
6668
6995
7328
2057
4729
5277
70
366
1772
136
382
5853
8153
1019
714
26
2995
8750
4040
3008
3120
8489
2178
368
1738
8623
580
7235
6265
3955
1573
2933
950
8900
6571
7260
5760
6640
9207
7531
8357
1171
4967
8092
2189
7262
8117
5183
7595
3739
9772
715
2228
1951
2664
5547
574
4826
4364
8420
8780
5937
2935
9729
4837
9505
8571
2179
7727
7778
9710
6084
8948
6259
4176
1137
3521
3875
6319
1116
9195
6092
3413
3005
9624
6076
8551
1780
902
2916
200
9681
8852
4716
993
5271
4221
9563
7450
3530
8923
8742
9613
7871
5001
5371
590
104
828
6909
2802
23
4583
6214
3027
4207
2290
1578
5986
4774
4493
7767
6037
4927
2483
8612
199
8285
8175
9230
1815
8681
7972
3010
6552
4555
9962
7142
4658
790
5633
7459
812
1798
5255
3838
6004
7545
6997
3572
2319
3073
2921
9937
7999
6985
8549
9779
5270
8307
592
8666
6988
8563
3258
3540
4700
3220
2264
941
4009
7896
9981
6402
9693
5237
1822
7279
4364
8818
2433
8264
3473
6935
8201
3055
3920
6751
2834
772
5058
3426
1020
3628
3571
4277
7167
9853
7496
1014
2376
3087
8909
2357
9488
186
9175
1310
9046
3539
1711
1480
3385
5183
8414
1587
8237
3917
9919
2654
4688
6559
7661
5708
187
2814
1567
8935
4249
646
9948
6624
3732
441
8981
4803
626
9738
7694
1254
4860
9404
4315
8244
6170
4312
1413
5989
8228
1332
8642
4498
7890
7885
1788
9658
2282
3355
8594
6530
4000
8542
3155
9313
8982
3718
5698
1190
3456
3393
4026
8315
4379
8340
8142
2131
2652
9554
8120
2462
887
8344
8542
359
7812
330
18
94
5266
194
6623
848
8735
9777
162
9300
3495
7441
2072
8533
834
6097
8430
6795
6020
6572
8925
254
7709
8627
2716
8595
6972
2840
536
4784
3169
2135
4877
8435
2328
3082
9282
1064
2860
1026
1946
7936
8467
4017
8051
883
1697
6482
9259
7716
4636
9767
7969
2345
8394
2267
2522
5366
5106
3058
1732
9857
6774
8190
9874
9102
1273
739
1748
5714
1765
3693
5232
1814
9291
3284
4278
988
1348
5120
8703
5983
4887
8255
9910
3281
2104
2432
230
7210
7071
1961
8649
3846
1734
8523
2948
4588
9261
4695
302
2608
9969
5533
6003
9260
8816
282
249
1746
5401
534
7729
288
371
7639
5150
2475
1653
5379
1267
8724
8922
9915
4152
656
21
8681
5243
9281
3376
7126
1890
4927
4241
7892
4187
4640
9755
6017
6385
6738
8133
5696
8607
8503
3335
3758
2560
6570
9136
3826
6876
8058
5323
1028
296
5343
9708
7120
4625
4666
4246
8096
9592
70
7570
5361
4709
7326
1379
1094
4064
9511
6790
2672
9596
1707
6429
2157
9858
7147
5982
6734
5206
2888
7761
5501
8230
9051
2622
4437
5299
8449
2533
4891
8518
104
1835
4809
9011
3213
7485
4657
4306
4275
8910
3902
7563
6921
6058
7422
4069
3623
4156
857
6510
3500
7939
4740
4133
2143
760
9432
593
3292
5905
693
4977
7739
5502
5570
952
2987
1810
6839
8843
720
742
7988
9223
8381
5410
3292
2004
1149
5730
96
6230
3669
6418
363
5812
7177
1377
7986
2051
7282
261
8610
6603
7344
4180
9137
1913
5989
