5
13
17
18
21
23
24
26
31
34
51
67
70
70
74
90
94
96
104
104
122
136
150
152
162
186
187
194
199
200
230
239
249
254
255
261
282
288
291
296
297
302
321
330
342
350
355
359
363
366
368
371
382
382
395
441
441
463
464
479
534
534
536
574
580
590
592
593
593
626
646
656
656
687
689
693
714
715
720
739
742
760
760
772
778
780
790
799
812
813
816
828
834
848
852
857
873
875
881
883
887
888
902
941
950
952
953
970
977
988
993
1012
1012
1014
1019
1020
1023
1026
1028
1043
1059
1064
1076
1094
1106
1116
1137
1149
1171
1182
1189
1190
1197
1212
1235
1254
1267
1267
1269
1273
1292
1308
1310
1313
1332
1340
1348
1377
1379
1384
1385
1413
1442
1465
1480
1521
1567
1573
1575
1578
1581
1587
1595
1639
1650
1653
1654
1667
1697
1707
1711
1723
1724
1732
1734
1738
1742
1746
1748
1751
1765
1772
1778
1780
1788
1793
1796
1798
1810
1813
1814
1815
1822
1835
1836
1846
1849
1860
1890
1890
1894
1895
1913
1940
1946
1950
1951
1961
1963
1987
2004
2017
2051
2054
2057
2062
2070
2072
2104
2131
2135
2143
2143
2157
2178
2178
2179
2186
2189
2209
2228
2228
2229
2245
2249
2260
2264
2267
2269
2273
2282
2290
2292
2301
2319
2322
2328
2340
2345
2357
2376
2380
2382
2429
2432
2433
2436
2462
2463
2475
2483
2497
2498
2507
2509
2515
2522
2522
2532
2533
2560
2598
2608
2622
2634
2652
2654
2664
2672
2679
2699
2716
2732
2735
2756
2783
2788
2802
2804
2814
2834
2840
2860
2868
2888
2910
2916
2921
2929
2933
2935
2946
2948
2987
2994
2995
2995
3005
3008
3010
3027
3039
3043
3044
3048
3055
3058
3065
3073
3082
3087
3094
3118
3120
3137
3155
3169
3193
3213
3214
3220
3228
3252
3253
3258
3274
3281
3284
3285
3292
3292
3313
3335
3355
3370
3373
3376
3385
3393
3413
3425
3426
3429
3432
3441
3449
3451
3456
3473
3495
3500
3503
3521
3522
3530
3539
3540
3553
3571
3572
3603
3622
3623
3628
3661
3669
3693
3697
3718
3732
3739
3751
3752
3758
3785
3789
3798
3813
3826
3838
3846
3850
3870
3875
3879
3885
3902
3903
3906
3908
3913
3917
3920
3947
3955
3964
3968
4000
4009
4015
4016
4017
4017
4026
4040
4055
4064
4069
4082
4091
4101
4124
4124
4127
4133
4151
4152
4156
4156
4176
4176
4180
4187
4207
4212
4221
4241
4246
4249
4275
4277
4278
4306
4312
4315
4321
4363
4364
4364
4366
4379
4380
4394
4396
4401
4410
4429
4437
4460
4482
4493
4498
4517
4519
4555
4572
4583
4588
4625
4636
4640
4657
4658
4660
4666
4680
4688
4694
4695
4695
4700
4701
4709
4716
4729
4732
4740
4750
4751
4774
4784
4793
4803
4809
4810
4813
4814
4826
4837
4843
4860
4861
4877
4879
4880
4887
4891
4927
4927
4928
4928
4967
4977
4980
4994
5001
5006
5012
5028
5058
5074
5099
5106
5110
5110
5120
5129
5147
5150
5168
5172
5183
5183
5196
5202
5206
5213
5232
5233
5237
5243
5244
5251
5255
5259
5260
5266
5270
5271
5277
5284
5299
5323
5324
5341
5343
5361
5364
5366
5366
5371
5379
5384
5389
5389
5392
5400
5401
5410
5444
5454
5473
5497
5501
5501
5502
5529
5533
5547
5570
5571
5624
5630
5632
5633
5633
5674
5677
5696
5698
5708
5714
5714
5730
5760
5812
5853
5905
5937
5939
5945
5975
5981
5982
5983
5986
5989
5989
5994
6003
6004
6005
6005
6012
6017
6020
6037
6058
6060
6076
6084
6092
6097
6112
6146
6170
6190
6194
6214
6227
6230
6259
6265
6265
6268
6277
6316
6319
6321
6363
6363
6367
6370
6376
6385
6402
6418
6429
6431
6434
6435
6445
6455
6477
6481
6482
6495
6510
6530
6552
6552
6553
6559
6570
6571
6572
6601
6603
6623
6624
6630
6638
6640
6666
6668
6670
6696
6734
6738
6751
6774
6778
6788
6790
6795
6839
6845
6876
6909
6921
6924
6929
6935
6946
6951
6972
6985
6988
6995
6997
6999
7001
7012
7024
7037
7071
7078
7109
7120
7126
7142
7147
7149
7167
7170
7171
7177
7210
7224
7235
7247
7260
7262
7271
7275
7279
7282
7285
7289
7313
7326
7328
7328
7328
7337
7344
7422
7434
7441
7450
7459
7459
7485
7496
7531
7534
7545
7546
7563
7570
7588
7595
7623
7626
7639
7641
7642
7658
7661
7686
7694
7706
7709
7716
7722
7724
7727
7729
7734
7739
7761
7767
7776
7778
7812
7829
7836
7847
7871
7873
7885
7890
7892
7896
7929
7936
7939
7969
7972
7986
7988
7999
8006
8018
8026
8036
8048
8051
8053
8058
8085
8092
8096
8117
8120
8133
8142
8153
8175
8190
8193
8201
8228
8230
8237
8244
8246
8247
8255
8264
8281
8285
8307
8315
8324
8340
8341
8344
8357
8359
8364
8381
8381
8394
8397
8414
8420
8430
8435
8449
8467
8489
8494
8495
8503
8518
8519
8523
8530
8533
8542
8542
8545
8549
8551
8563
8571
8594
8595
8603
8607
8610
8612
8612
8615
8623
8623
8627
8630
8642
8649
8664
8666
8681
8681
8703
8709
8724
8735
8742
8745
8750
8780
8799
8816
8818
8821
8843
8852
8853
8900
8909
8910
8916
8922
8923
8925
8934
8935
8948
8981
8982
8985
8989
9006
9011
9015
9026
9036
9039
9039
9046
9051
9055
9078
9102
9115
9136
9137
9143
9175
9195
9207
9215
9223
9226
9230
9252
9259
9260
9261
9281
9282
9285
9291
9300
9303
9313
9317
9337
9362
9368
9404
9432
9458
9479
9484
9488
9505
9511
9511
9554
9557
9563
9570
9571
9580
9592
9596
9600
9613
9624
9634
9658
9661
9664
9679
9681
9693
9699
9705
9708
9709
9710
9719
9729
9738
9743
9755
9767
9772
9777
9779
9829
9853
9857
9858
9870
9874
9910
9915
9915
9919
9929
9934
9937
9948
9962
9969
9981
