3284
8574
2364
4068
3397
9373
4607
7016
7013
9612
6036
5156
9382
1565
5115
349
4361
8638
6975
9544
5554
1080
6009
4130
1992
1764
9852
5785
1518
1870
8468
2965
6686
2804
4152
98
3314
5141
166
2366
3270
6410
6306
6392
543
8331
2764
9153
55
3534
9476
8801
6692
4309
99
1024
6951
3348
3247
9963
5243
1196
951
4972
8503
7076
7352
7773
8277
1539
92
7131
4020
7929
3432
1249
557
7636
6123
961
8832
4951
3428
1644
2550
698
3048
5599
2755
8377
9288
7388
2352
4126
1626
7788
6867
7418
1388
2487
6088
9033
6206
3017
8253
3596
8149
8197
4803
8598
683
8360
9417
1310
3525
6982
7322
4342
2111
3378
82
5886
379
5413
789
8890
968
1848
484
8147
8817
572
2412
8043
6086
6319
8236
8408
4067
3961
4318
9294
6049
6080
7799
3566
8926
924
5341
8302
8226
9248
5801
1177
8623
3829
5214
4774
3043
1325
5437
9194
7508
7343
9763
8939
8163
130
2955
7395
8887
4009
5123
9972
7846
5582
8916
8381
3979
6133
4549
823
8697
6961
2072
8875
5325
6730
1352
2969
1809
1020
4121
5020
4772
3420
3389
5162
809
6770
9362
506
6045
1443
7244
8160
582
8299
7256
1175
3281
5922
4814
9667
8743
8853
5248
1324
8211
2205
2774
6266
689
6797
984
3872
3914
641
1147
2819
429
6885
3625
308
6454
4159
8312
9684
1509
105
2795
6896
2946
6559
8940
9134
9646
3819
5152
2875
1531
4367
6657
1989
6787
1449
9843
8070
5835
7396
4583
9931
8747
8690
3871
8768
2920
5034
1893
4523
9270
1862
6059
2260
9523
4266
9942
2317
7196
1664
2837
7828
3610
5698
3754
3896
2509
7726
1095
8728
1044
3029
9951
4643
2729
8993
622
7729
8366
509
9397
837
1444
678
1446
6776
1205
3327
1793
6977
7457
2516
7621
9574
8091
859
3023
9862
8232
7071
4871
8665
6455
7170
477
6828
4161
8172
3724
6268
5858
6511
2053
2944
4303
1774
1744
1397
1315
7790
7771
4968
9910
3152
6288
9048
6919
9509
5528
9568
3551
7764
9918
1829
5260
4471
6615
296
6074
8203
8766
4991
3239
9018
4015
2802
9978
9962
6075
7639
7461
4461
1336
1385
8583
3964
1135
3843
3803
6460
2104
8971
2697
5469
9741
3589
466
7463
794
2183
3431
1448
6187
718
5604
2214
4184
4493
9532
5321
5970
9419
2218
5159
2202
3396
8196
1405
1073
3664
165
1436
4876
4147
7603
9907
5692
7938
5809
3721
2976
4608
8922
5968
3199
7069
7516
7807
4912
6225
7319
3081
8904
4546
2114
8009
2440
4472
6855
9143
2916
3905
2559
814
65
6414
5238
3796
4490
3083
3967
7284
1514
5517
7282
7734
3642
1575
1656
1652
9999
3849
1081
1593
5174
2670
5547
1152
1658
6372
8725
6889
8781
6560
6600
4019
8514
6756
846
8786
6747
1246
3489
736
365
183
7268
5633
2913
8952
368
8582
945
6305
1598
4304
2561
7231
1704
5660
2650
278
2047
1557
9502
7624
7057
9104
9905
5344
8629
6374
4829
2206
9289
7336
6819
4083
828
2011
9580
1116
6423
7876
4182
7961
3524
1191
4907
7730
9755
489
9377
9434
2888
4612
9760
7066
9734
6746
8913
5390
2785
5696
2031
5135
3876
9235
4537
6169
1745
8894
1215
4096
2876
9698
7695
6761
4507
5927
3992
644
8415
4222
5066
1111
1003
9920
5028
867
9295
2268
3279
2772
8729
7623
1104
9543
9679
3926
3838
6212
8317
8068
6409
3180
2624
9983
1772
3332
7739
5969
3173
7068
5376
805
9099
7194
7502
3895
5116
4987
4302
7745
1670
2474
3705
2867
7923
6140
6983
4489
8559
8726
1714
8316
5875
3929
4513
728
6453
4745
5160
8472
6567
2155
7533
8169
418
1911
2771
1690
3404
9498
7526
7073
5422
4908
3911
7335
9805
7420
565
1318
771
648
2078
134
9642
1647
2195
7103
7358
2971
7379
9062
8066
7328
3954
5014
8882
7193
2671
5024
459
6150
4979
639
6650
5378
7989
7793
2816
6215
8884
6859
8979
4726
5643
4241
551
2717
7926
9900
197
1144
3215
7361
9246
8900
9827
4393
7749
741
8680
5252
9507
7118
1293
5289
8540
4043
2644
3435
1817
8337
4352
7871
6327
4758
22
3472
5318
2453
5446
4281
5347
2636
5905
7939
4059
7835
9393
139
5016
243
2874
6554
4261
6261
7687
7344
1835
5438
395
4
4820
5218
3268
8607
9320
6186
8636
8829
4466
3291
5882
9463
9906
7789
3699
3480
8807
5972
264
4622
9973
5548
4436
2119
8324
6189
6924
3548
6448
5589
1387
9515
513
7812
5474
7337
7868
804
9888
6558
9008
8405
1237
3777
34
233
5462
2945
452
8010
5216
2442
7229
2853
6833
4574
8558
2223
2099
1976
9131
1607
9091
1827
1458
9598
3287
4403
1359
2836
5085
7419
89
967
8951
2033
4458
6314
458
9812
1838
5615
4920
1669
1634
3209
1938
9293
3454
3002
2981
3395
6713
2380
7511
8973
1701
1347
8056
987
7261
9505
4444
4001
7768
8161
857
5658
5383
4384
5918
540
2628
6909
4666
4700
6464
7657
2579
3686
5442
4044
2567
3797
6887
8406
8304
2353
6353
2254
7342
4771
6677
3861
4136
488
3538
5458
5222
2332
7669
4045
2306
9460
1522
1409
450
9611
9309
8465
2621
8117
5704
1643
2314
9179
4196
5848
5165
3393
7014
2917
3983
4128
7706
8883
1251
6379
2647
8933
9992
2325
4093
7883
567
4300
8060
9887
5850
831
5537
1201
7390
4575
6505
9594
9425
7146
9450
9829
6499
4370
5849
8924
4531
4816
7155
2454
4279
3818
5195
1850
1172
8330
1012
6486
7232
1604
916
2059
118
6015
2515
10000
7391
7648
569
9213
8350
6838
6537
5661
2004
1486
3815
5520
9198
3670
2107
5684
445
7129
372
2095
5675
9028
2591
3238
2103
7594
4022
897
3711
8460
8370
9817
9302
8263
4283
6616
3577
2493
4227
2091
4467
6010
5998
8272
6688
1573
743
3163
7223
4188
1950
8692
3799
5337
2656
1934
9861
295
3134
3616
4744
504
9461
7784
9742
4496
9210
3746
8560
7841
744
8737
9076
2292
9217
3346
5027
4314
8256
8339
5531
5208
8083
1029
4322
6024
864
4162
3823
9478
7318
8645
5491
7412
9751
4945
807
428
8209
8928
517
1171
9178
3969
4170
9223
8750
6682
3671
6563
6729
8119
4450
274
6108
9444
6271
5450
5186
4852
1277
536
6279
2689
3415
5646
5982
2824
1739
936
4142
9031
2676
606
960
5296
3994
4264
8329
2480
4449
5351
5745
8208
2618
8308
684
4725
7288
8685
7221
7100
7836
588
1753
5779
2298
4258
5114
4360
9792
2714
5888
578
5829
4485
3656
9390
8562
1511
1102
6974
4091
498
1184
995
2483
1426
4167
8955
3077
4509
5817
8327
6947
3121
3704
1195
1178
8035
9732
4230
608
5254
8774
173
2121
2338
8544
7656
9071
2690
5636
9692
9438
1302
494
6318
6936
9240
9188
8896
2290
8536
2840
2481
9108
2845
4784
7983
6621
268
7748
3276
3959
4788
7569
616
8912
2348
5792
1053
1710
4460
687
1220
4675
5385
6117
849
6575
4566
8695
8537
8033
4209
8274
1605
5457
8836
3207
1811
3196
2687
6291
5876
2521
1169
5608
74
3203
2246
2064
3598
8960
9369
5623
1617
3879
5105
7627
1740
5452
6197
4220
9714
8322
4894
6419
8823
1478
8285
3465
4237
4320
7217
3707
6489
2438
7363
1566
2084
886
8051
5181
4183
6886
3948
6040
4132
2600
7574
5895
6039
7590
1521
1964
9408
932
2176
9181
1233
3965
1435
6382
6669
5664
696
9937
9780
4547
1803
8709
1718
6456
3093
8095
9610
8055
4713
5597
4012
7529
9925
8268
1052
5966
2002
801
3502
6514
9106
1768
4621
5987
7374
8880
2542
6995
8069
6378
2873
2983
3296
2333
8489
7444
9073
1962
9189
6544
3835
7169
5772
8410
2459
1428
4382
1918
4729
200
3599
7070
2101
4532
9854
720
6405
2162
5992
9757
6768
7245
525
9859
2230
9787
4134
4269
8619
1875
3732
6304
3553
3222
792
3263
8535
1031
1863
9396
3779
6566
5964
4377
8717
675
8216
7132
5873
3709
2974
2073
997
6011
4116
1355
6826
1916
7504
8452
2761
5898
5054
5003
4200
6207
3496
9127
1584
1695
6562
7775
3219
2699
7875
5818
568
3825
9337
9451
8454
9510
7849
9756
1197
3298
1748
1819
8030
6043
8872
7122
6929
7368
2034
4763
2627
1429
2499
1516
8326
2884
3172
5428
8403
5128
7289
6440
4589
5130
1577
5584
4280
6442
5864
8473
2783
2667
6450
9435
703
5055
3788
7914
9452
839
6502
2446
710
4855
7887
4372
8752
5921
2096
6292
7475
2720
637
1933
6829
8782
1297
2614
9103
9793
615
1378
6016
4056
555
1
2024
834
151
242
5202
507
3839
5739
7218
3735
3860
3071
7561
2213
7088
4341
4003
1501
5682
8394
3852
5338
8662
5247
3220
4201
855
4667
4599
2926
7740
1977
714
3511
10
6048
9005
9917
7413
9835
9222
7112
7685
9943
2605
1055
8018
3923
7798
1686
191
870
6221
8702
3075
7002
7247
2063
9892
1906
1257
9878
9443
7597
4333
2100
740
9364
5263
1487
6745
9747
2777
5431
3950
9361
5581
6092
4639
8527
7031
6908
3426
1915
5744
251
3363
1381
3531
669
7435
5403
9985
7213
9694
2322
3506
1252
963
3067
226
5936
8622
940
7305
3499
2402
7436
6749
3337
866
3417
7815
3140
726
9052
1777
6213
6496
230
1026
7808
1477
919
9599
8152
9632
2571
3442
7487
157
8856
7301
4844
7238
6539
4576
1103
6608
3423
153
7628
9528
6897
4287
8138
148
3560
2863
3603
9185
2912
2835
2365
9156
998
4809
3448
2120
2019
7290
3501
7020
4660
3663
3650
2750
5307
109
6003
420
390
3453
731
7850
5036
5938
2341
985
7759
3175
129
3692
923
9773
8470
1886
2826
9994
3725
3943
922
1528
1780
4344
4900
3593
8733
571
6911
2209
8954
5330
1008
7797
2051
5513
2972
1453
3394
1994
6940
7061
4092
2165
3447
8158
474
709
7317
7995
563
6753
519
5645
629
4084
7920
6956
2313
13
6418
4354
1097
4047
5362
3329
382
668
7833
1455
7766
6722
8877
2688
7582
9956
5553
9497
1506
8684
7674
1771
1119
5278
1888
4313
6317
8041
5625
2046
9537
5078
2451
4114
4653
7405
8722
1624
4223
5734
4914
277
6543
1702
132
4051
7994
8511
3845
3109
1079
49
9536
9582
2838
5282
8936
8417
7440
5783
2870
398
5556
305
2562
3073
4423
6332
3072
5011
1018
721
8812
8314
5336
9083
2360
793
6025
7878
7562
5750
7754
5733
389
4148
6296
6085
1996
2089
9049
2719
8412
133
4903
9415
2301
1440
2868
5543
8929
7360
2934
2940
7248
7830
9034
4122
5328
8054
223
6235
7528
816
7400
1042
6461
87
4520
4077
6991
9413
4668
5550
1058
7998
7698
1824
2827
140
9464
394
6541
3272
2018
204
3011
6644
3041
8718
8785
9154
7321
7262
2552
1649
5324
1131
9409
4404
9401
6178
8867
8942
9128
4937
8146
956
8821
6647
2811
3096
3150
4511
9803
9865
9517
1903
4455
8367
4841
3985
5406
5187
7970
2038
5837
5979
8283
8461
1254
8231
4164
8688
9334
5394
4864
9586
6176
2598
6906
4918
3171
7935
944
1904
8893
2585
3333
5943
4060
1351
7
6090
5371
9224
880
443
3769
4978
6435
8336
1066
5957
9512
2340
5592
7101
8375
6066
4488
724
6209
7957
2054
3836
6333
2660
1239
2797
4158
6549
882
8996
1434
1148
3568
3437
6058
3421
4811
6831
8436
1467
8988
3528
3206
2045
4870
8879
4373
2025
2526
6807
5638
4459
4932
3925
9360
7330
2140
957
5308
4463
4048
9715
2188
202
2622
7661
6006
106
1438
6591
6518
4881
4614
9651
7906
8355
4153
556
2602
7448
7183
8126
4683
4053
5498
5759
2075
832
2266
2726
2990
6459
8539
7235
2948
7115
9662
7547
7119
6259
1192
4254
6390
472
9618
7991
4141
5355
1846
3507
8700
6989
9676
9778
972
9359
5871
7416
2565
20
3927
8663
8585
6740
3074
603
6931
4558
9404
8101
3497
9879
546
5610
4737
2752
2839
38
8961
3434
4815
6131
9908
760
7152
6551
1985
952
4696
9704
5821
6096
3064
2612
2427
3339
3330
7632
6371
891
4371
7243
2587
6800
7105
3894
6188
9167
8166
3145
2701
1807
4211
8935
1499
3863
1106
8810
7025
652
6910
3549
8239
8230
3982
8571
7780
2276
8749
1642
3356
8982
2796
9303
6705
23
6590
6517
5904
4443
8439
9298
7723
9996
1591
6100
4891
1655
2231
6880
1439
7048
2617
711
8594
782
5370
7746
1861
5572
4969
5899
1474
8947
8346
9738
7925
2470
5781
1075
4336
1742
6606
6494
3099
9221
7711
6670
879
5719
7772
9703
440
8711
673
8404
9292
2404
1345
7948
8845
7485
1963
2335
1025
79
8611
211
5206
9163
7819
2793
7270
2865
8573
9218
4057
7987
1043
6159
4087
8132
5043
626
1635
8205
2373
9944
6069
5841
7259
6038
4916
61
6754
8591
287
1093
7902
7426
3242
8145
4192
9047
7186
621
6864
2748
5885
2607
3826
2731
9027
3585
1291
8219
7581
7762
5053
6527
4948
858
7351
4783
2507
5286
6892
4420
4506
5177
5200
3318
1019
1614
7480
3400
273
8941
6386
7564
2535
1910
6617
2743
9739
4602
5712
4909
6192
5685
3269
2674
3384
1158
7018
4098
8116
2664
3457
5184
888
9654
7397
1791
1112
7918
4851
6458
7756
8391
9946
5822
707
8876
5367
902
1301
9447
5564
1454
57
3038
3137
6943
9375
2450
7915
991
3745
9735
125
733
6530
17
8784
3473
9884
6445
5329
8668
7702
8435
7402
800
5883
6320
1098
549
9638
3919
1663
1430
9039
1376
4949
8087
3438
8249
1476
348
9017
3449
887
9577
8221
7505
9481
2477
9707
7559
7156
8760
553
1120
9080
5283
3881
5151
9635
8104
6531
8691
2610
8861
9614
2193
9912
259
9736
8419
9119
4689
1271
5902
2998
9171
1978
6512
220
6820
9581
4446
6415
7911
3682
3641
3878
7323
9837
8361
3792
7964
6431
2354
344
6277
9416
1276
3039
9764
8376
1000
6263
7320
15
3037
6253
5033
4572
1363
8643
3518
2728
3409
9731
3249
1946
3521
2316
6536
510
2429
80
3807
3186
3668
2594
8276
5154
3433
4980
8128
2377
5267
3018
4257
4740
3369
6655
5911
1331
9255
4195
7026
7968
2889
2248
1967
4089
9055
1210
8118
21
4904
3475
6316
8761
3544
1320
5963
2173
3456
7804
1382
6631
9245
8773
9399
6581
1255
8588
6072
1445
4996
5149
9842
4416
4862
7470
7573
2420
3117
2746
5473
1493
2466
6223
9833
4662
4203
914
9550
861
3995
6969
5414
6922
6125
6137
8589
6439
8898
1475
2939
8526
6484
3882
5893
2349
8683
3915
4705
271
3830
9384
9857
6902
4514
2739
8488
9006
5514
7139
7554
5501
4692
6008
4950
7346
9627
3513
2439
2709
1159
3461
7439
6623
9286
4617
1970
2251
1618
2794
4561
2829
6380
7638
8910
1009
8727
5867
9102
6342
2445
1185
5609
8049
2957
3727
3382
7992
7688
3142
8102
8228
3615
7663
7295
8333
2462
7104
9274
2323
1165
5823
4221
617
3128
9670
4380
3218
6451
270
1468
8838
6632
1812
1211
5092
6712
6301
1230
8235
3689
7491
5169
3946
4171
1107
727
9041
8387
5261
5672
552
9643
3320
411
3624
4388
2784
9838
19
9079
6726
8976
7826
3987
9789
8045
9314
7969
3980
4256
6337
3303
9519
1981
5555
6339
3743
5072
3025
4562
9604
244
7870
6246
7172
2986
4626
8309
1734
5926
712
6243
3026
9442
9166
5352
9454
8151
4658
4853
6636
481
2456
7165
5039
291
8496
3020
3412
5559
591
6652
2055
8577
6172
7302
559
5784
6363
6101
3798
3890
5166
5436
9786
6334
6113
5579
6474
691
4433
4954
9661
149
5626
5415
408
3012
3856
4062
2449
5679
6767
1645
4943
9864
5913
3937
7662
3841
340
4748
5507
6789
3190
5353
3626
3787
2355
6888
8090
7805
8637
1114
5242
5359
9069
254
8859
3290
7650
2280
3307
5241
304
2947
3651
4833
2964
2813
8042
6391
4942
6978
9020
3411
607
4189
9379
5148
3366
7055
1750
7633
6429
9184
8026
2850
8444
6564
1321
8552
5833
7724
3086
9701
9046
2872
8335
2907
8144
6354
9675
5569
1922
6457
6201
2472
8373
5997
7666
6832
544
4004
2597
5444
4307
7303
5099
6278
1473
2488
8371
9051
83
327
4623
5295
8921
7197
6269
3376
463
5955
7121
7367
2263
9616
2221
3940
6784
6634
7553
7791
5624
5207
2286
4260
6528
1304
2659
2092
6863
2401
218
1030
6699
5126
9926
1071
5694
7917
8950
7332
4037
7272
7501
5375
8696
8467
5844
7099
8891
4085
2088
6026
6134
5503
6525
6815
3028
5100
8295
107
2494
6547
9719
3302
1636
3997
3776
9232
8930
2151
5480
2369
5613
1349
6945
5746
433
124
778
7786
3430
628
2756
8328
4246
3005
4752
6899
7909
8633
9959
222
9493
5259
6958
5068
7275
8050
5339
5854
3609
6070
6966
201
9471
3655
7184
9851
6297
412
2886
1270
3265
2267
9456
2558
2732
5602
2575
1784
3205
2606
3230
1865
9422
6441
8124
6127
5826
8493
3892
9677
2862
5797
56
7965
7847
8139
7006
2255
2718
8765
1625
5183
5349
5315
6397
4858
5006
7986
4175
769
6626
2549
5538
110
9280
1155
5047
6155
5573
6796
4330
7521
5842
4577
6482
3991
8072
5768
3885
2593
9149
4021
1830
4285
4697
6099
3135
8233
7593
6934
7174
9263
6109
8127
1799
6138
596
1074
3132
3975
3051
8040
7140
9266
7544
4157
1733
6876
8278
3258
4208
4717
2217
2166
1508
8037
3540
5209
4282
8813
1186
9697
9148
996
667
7770
9710
2613
2262
5110
7705
1705
3573
9216
3292
3716
4295
7167
7763
7901
9939
7287
2887
1712
9989
5709
145
5585
7673
547
1804
9285
299
7881
6330
5515
3015
9935
4379
27
6850
2758
4448
3091
8492
9480
4985
5924
2157
654
4754
8134
1248
9945
3859
2538
6519
3862
6587
8523
14
7063
266
227
6238
2237
1536
1928
4798
485
4369
4821
5583
7578
175
1319
9491
4350
3588
9257
3079
328
3006
7542
6738
5018
9158
4429
7023
1483
215
8854
3325
1800
758
5056
939
9489
2367
8739
6630
7478
3217
9354
1256
4734
5269
584
8788
2678
1633
5314
4061
3586
3933
8778
3972
1980
7106
9896
2135
7612
43
8646
5680
3364
4656
6408
9378
6438
9977
5574
8442
7892
4276
959
4425
7369
3620
9254
6160
5019
7222
6915
7731
2589
2551
7153
1379
9669
965
4759
7365
4651
4981
7182
9129
3146
8121
3647
8595
2918
3019
2413
3367
6164
999
815
7558
2812
6400
8093
2282
1641
4143
2250
7738
6179
2584
7809
2860
5251
4255
9619
5522
7537
1520
3027
1898
7312
2680
3636
6542
8483
7941
9708
6420
2479
9057
5598
1350
6102
9313
1317
2570
8362
6702
2982
5201
2097
4580
1418
4191
4553
5956
7570
1250
2344
3440
5502
7585
8748
8390
2345
9987
6579
2060
6736
1452
6158
1588
8478
6569
4925
5976
4982
7999
6193
7469
8980
7188
5566
9087
9797
5396
7586
630
6986
2392
7056
6141
3703
7962
4086
8097
5131
812
548
3159
7602
7634
5057
9239
3853
3563
4149
8073
8340
6968
4486
7535
3748
2463
1442
6481
827
1654
2879
417
352
9251
6679
8449
3050
1540
128
1203
790
1845
1563
6462
2999
1974
8014
3418
4959
5079
8482
8671
7406
4516
5639
9278
3104
4690
1295
2599
2208
1365
8365
490
4033
8395
4846
167
7433
627
9591
8423
1340
3645
4155
9824
1390
2116
5434
174
3883
5705
8185
2765
5688
8445
899
6245
3730
7185
1463
7622
9542
3493
3324
1883
5606
3114
5906
1361
9490
7520
2751
8234
9040
9427
772
9458
3062
6879
3644
1519
3930
8218
8843
787
1871
7143
2431
7093
8814
9770
6472
1481
651
3195
874
9449
8227
1567
1427
2511
8825
6165
2211
8267
7037
4863
6715
9252
3271
9871
2801
1937
8931
4311
5037
8311
1538
4339
702
6089
4476
2741
2083
2608
2329
6846
4842
2900
7817
3178
7082
1512
868
9250
6728
3500
9588
3156
2382
8615
3112
26
7566
2080
3198
138
3755
6700
9225
6365
126
2234
4234
8129
4832
5600
5843
7451
196
7686
7556
8985
8261
2576
9882
6033
7489
4451
9107
4722
7742
1176
5714
2891
7649
4905
3030
3416
748
9578
7096
8569
4526
8399
5713
738
1416
9437
6834
2583
5118
7857
9796
3427
8034
6971
5310
7398
1966
5946
8757
3068
6839
1238
9911
9631
3294
2142
276
7818
3607
212
6735
2288
3479
448
5920
9297
1312
1993
5489
2330
2363
4088
1615
8902
9844
2572
3623
5811
8791
934
4235
6714
7401
1666
7198
9671
2065
7787
7732
9682
7614
7932
7908
9414
8735
8164
9629
8674
824
631
8672
1090
7471
2433
5667
9952
646
2016
3794
7154
7236
3634
4669
2711
1924
9398
3482
5868
7507
9758
906
3842
4270
6901
3821
6128
4715
4635
8156
5799
1612
6794
5984
1309
2524
462
6465
5760
9514
6658
1901
5333
457
6118
1707
5965
8479
1660
7672
5316
5411
1212
3811
4109
6067
6744
2381
5155
4571
9173
895
3559
7001
7864
7608
6132
5519
7690
3350
6056
119
1972
2786
2864
1061
9769
1054
3988
946
2425
8204
7039
4027
3153
8770
2257
797
2200
2376
1495
6853
6786
9238
8844
8262
5471
8897
5879
4887
7460
1399
5354
9338
5632
2
9966
5392
9219
7136
1786
6393
9276
2858
8238
9016
2201
8889
5454
1162
1683
7393
2961
7035
1564
4661
409
7269
4498
1072
6620
4124
8
4219
3552
162
1332
1500
2603
2967
2973
7616
9863
2927
333
5192
6385
2062
9316
2378
9691
4176
5350
1226
1207
1383
2713
9980
4487
4355
7032
530
4570
2843
4042
1050
6498
4616
9729
604
5525
9430
4046
9177
3708
9202
7394
5077
2418
5298
511
892
7387
1264
9504
2189
1101
9716
7224
8453
1346
3488
1671
3571
1826
1504
3941
4110
3932
3873
8474
122
4691
3155
5134
2806
5226
7465
2346
3887
9394
1046
2698
3960
9358
9237
9135
1267
737
9784
5884
3310
9029
7897
5855
514
2672
9637
3256
136
4663
9940
5230
3999
421
3349
9717
6022
6119
863
4837
2895
600
1968
4491
4619
7060
2342
5051
5995
4135
4618
6707
8603
8182
6267
6031
4071
4457
6428
265
9332
3729
5605
3989
7966
4847
9325
6174
6574
2716
9802
5440
6808
5983
1856
1412
2931
240
5372
1313
4579
2805
4555
1273
8359
1944
6328
937
1126
2005
2508
7972
2547
7453
9723
6862
2056
9151
9746
9605
8075
7682
3681
818
7064
8446
3827
3306
4185
7447
3899
4406
3801
7865
5908
6247
4648
8679
4319
6522
9326
2554
4435
9495
163
6837
1333
3659
3184
3124
8687
2513
8422
9583
3993
5812
432
8548
3110
3820
4680
3424
2952
1099
9681
9467
6954
8789
2506
8195
8995
6239
300
3854
2291
6937
6656
7719
3422
4017
4611
9308
4764
7215
2037
3855
4673
3170
9665
8463
3414
1105
8351
2727
2245
309
1117
4649
103
4031
6226
3149
8703
3185
7125
386
8332
141
3554
4974
2959
3694
2269
2653
7717
3266
3052
7567
6413
955
8369
2372
2902
5786
8168
7173
6473
9421
5137
9125
8293
9954
2498
7933
4768
2362
4125
6884
9606
2629
7635
7425
3044
7074
5476
2161
1802
5212
7164
3857
1231
4989
5402
2943
1640
6255
5294
7733
6329
5496
1609
9159
4156
2159
1028
447
5612
1583
7640
6813
8886
2933
974
1611
4073
7308
4603
3897
7385
8319
6028
8599
359
5219
7482
1482
7159
9589
3579
3371
6667
3054
6935
4865
8063
6643
6550
9469
3944
6980
5356
9242
2232
5301
970
2130
176
5285
5756
3672
2177
3036
8237
532
7539
4375
9315
4718
8004
7519
2703
3865
994
2745
8834
9296
3016
101
4544
9064
1746
7339
9521
8008
5495
2356
2379
9339
921
8188
1335
4703
3597
9557
5274
3458
1327
6403
46
5790
7693
4332
8245
7493
6148
1461
3784
7417
5387
6338
9023
8323
8094
5111
467
7484
4573
5703
9109
505
9323
1728
2841
5691
6965
9804
6851
9110
9688
6710
3105
1278
4133
2569
2994
3388
7517
4197
8016
7404
184
6996
8098
9901
9712
2052
4243
190
2163
7086
6290
4454
1703
2035
9327
8434
9866
4866
3444
1673
8515
311
5621
9120
4041
3495
4292
3640
9500
5941
5107
6920
7834
376
8758
8150
4194
9002
5500
6452
9026
341
2179
397
4756
6779
8300
8805
2030
7084
4672
6232
8795
9721
217
8215
47
9916
9420
910
7645
4040
6375
8981
4838
4206
8301
1323
7792
75
7903
3381
8753
6112
2773
7040
7079
9273
5542
1954
3286
91
3657
9094
1806
719
3510
6078
4776
8189
6432
640
2630
9111
4735
7952
3557
5451
9117
9212
806
8590
9147
7205
7161
2787
4799
7117
2129
734
281
1813
917
8909
8847
6734
2665
3372
7530
9576
1199
8013
5124
5916
5297
2518
8392
5981
9122
4462
770
4645
9656
7065
4214
6064
3
6812
7975
7239
9766
3697
9777
5657
699
2117
2299
7699
9748
5697
2892
7166
5273
3245
9718
7832
9124
4099
3893
5577
1161
9061
7294
5795
8862
1227
618
5101
3280
7340
4465
1221
9575
6900
6962
2447
9155
4421
9709
7473
5492
2198
5889
3822
8557
8067
1932
4212
8462
2167
6765
3648
4474
8567
4011
7206
4006
1939
982
7377
3594
4789
8693
4008
1002
3783
5426
8586
7996
2149
7010
9686
8315
2704
6202
7503
1469
3166
5727
2399
6711
9160
7300
5231
4204
9304
2652
8187
5917
269
6348
5270
314
4525
5738
360
483
8819
5896
115
6177
8141
3718
2302
851
5386
3978
4076
4165
6122
7428
2532
6340
4217
3133
2736
4693
4924
8587
8176
1045
4791
4477
523
4250
1776
267
5735
4620
7364
1006
7655
9329
7728
2390
9032
9349
2921
95
9883
228
1057
1792
1261
2169
5093
6788
6646
8534
5466
8289
9432
7409
6883
7304
4637
2319
7747
2339
6444
9410
4028
7976
9196
8624
5706
538
59
6748
7814
52
5323
6704
5240
8620
435
1094
249
3485
2540
6840
2081
3065
2086
6890
9798
4685
7110
8192
8915
8948
844
5348
4278
2682
7534
9174
1991
2008
5121
6425
971
2770
241
1145
4946
9889
8994
3402
4869
1134
6927
5004
3080
1314
5468
1068
8512
8400
8078
3055
393
6401
9753
9403
5635
6287
5441
7934
6041
70
8923
9573
2256
4873
3119
8531
9290
6895
1515
6032
2473
5903
3840
2492
7496
521
423
7179
5098
9869
7937
2408
4329
8023
3760
6241
4631
7598
2375
3380
3429
3617
6421
3907
4888
8730
708
5087
2646
6322
9141
2090
7133
2274
3572
3321
9045
5106
749
642
686
3904
9089
6341
3918
2530
4517
8793
1141
6998
3227
4792
7956
4482
3592
9564
3802
7904
8202
4944
4596
7676
898
2637
4321
3669
5764
76
4966
2880
7856
6231
7580
8899
1456
384
1402
9066
2734
7779
396
1984
3737
4410
7227
1762
8307
1537
1525
8193
4630
8642
1410
1091
2807
3952
5448
9530
2409
5475
8427
2079
757
777
5996
4199
4144
94
6672
1285
5002
2537
216
2228
8250
1960
5944
2271
2050
1895
4202
4239
9259
1259
5063
2133
6580
5544
5648
7872
3628
6492
6633
6976
6313
4845
8554
890
7212
2315
9291
3370
9070
1853
3889
4582
6942
1890
9230
3675
6601
3129
5699
5005
2623
8675
8153
232
3515
4753
7916
1880
5477
1620
7692
1549
9971
3214
371
313
980
3712
2929
378
6706
6443
8223
3912
8368
4563
1810
6984
3463
4751
8777
6376
5930
8358
4939
1035
2328
7381
5497
8716
1173
2199
5175
5655
5985
9699
6990
8505
9367
9227
3293
1056
4633
1572
4636
7631
2815
2457
6020
853
6523
3851
3013
3138
5167
1170
252
9700
8984
9042
194
1391
9733
2831
5860
4910
2904
7410
3313
354
3691
8303
5512
1065
7810
4478
1839
415
2581
1779
5617
7858
5312
172
5796
3210
3734
2798
7241
8959
4198
2261
8382
2639
2371
7338
6426
8502
810
6641
2638
4906
9891
2468
8270
3299
4323
4806
5978
5332
9272
6723
928
3809
1328
2182
4034
5726
1051
6741
7555
8255
320
6814
2426
4976
8275
6821
4519
8378
1688
6144
9807
7004
8157
4766
5808
2023
6184
5649
9705
9157
4502
6683
3014
1782
3241
6383
6054
5532
9453
1296
1373
6029
6651
4431
7278
8180
3945
6586
8612
58
4933
3182
1189
213
5221
7148
4988
6987
9740
1470
4634
8914
5863
5153
221
6737
3001
1722
5950
1523
8885
1929
1788
6648
9720
5535
8597
8803
6953
2631
1749
954
4670
8159
8222
1049
7477
9795
6792
2767
573
7718
9112
1241
9206
9431
6295
3789
1096
6309
1407
5800
6597
4405
6703
8082
6416
9137
5767
877
3574
3847
9195
661
4127
1534
1140
7922
6959
1833
9356
2126
7713
5082
6477
4173
71
1576
9387
5490
2529
5765
6171
3189
310
865
900
1659
1288
6810
8469
9098
6352
2235
4434
6098
2491
88
4686
7050
7383
3561
3098
7960
5125
3935
7831
9059
1260
1480
6642
6583
3141
25
2803
7518
2204
3864
1631
4861
4016
7852
6030
9909
5224
2536
2138
9385
4438
6147
5435
1070
347
7375
9687
2503
1121
9520
3832
6222
5989
7536
2962
9074
5144
2753
8383
9822
3160
3880
6805
1047
3726
1087
6930
9970
5561
4539
8903
179
3621
3087
5234
9145
5687
4934
4224
2760
2941
1709
2749
1877
8655
6970
516
9690
9380
9468
1194
6760
9615
7670
1533
2578
1684
7838
4107
1132
7781
7441
5820
4890
909
6997
8721
402
676
8682
5074
9022
1755
5901
1760
942
3595
5346
1366
2911
9924
716
594
4082
7472
303
1676
1909
4527
6389
7823
6466
3046
2861
2782
7429
3877
1841
2692
5595
9234
5309
5265
8497
4787
9821
918
72
3814
1305
4827
3508
7495
9260
4743
6678
5794
7411
3035
7963
725
2076
3053
7588
8413
7806
5932
6012
2582
2694
7324
6516
3736
9876
8974
3742
263
6234
4101
6396
374
2388
7445
7605
7329
4800
5631
7246
6701
5715
8806
1179
1879
1243
4977
7072
2825
6471
656
4035
8064
9191
9639
2239
6504
9376
5880
9085
585
9553
48
4470
1682
6475
2093
7138
5368
7873
3770
9988
4856
2389
4419
6051
9201
8281
1840
9927
3466
3795
2958
3831
9644
5580
7178
9465
4655
901
486
7254
2147
9455
2029
1459
2555
1948
7722
51
9400
1059
3808
156
7619
9209
9192
625
4941
8546
7840
935
7700
8579
638
2775
7913
3720
4895
438
3976
5120
4727
3986
4441
5164
2894
2968
8808
8846
285
3328
4074
4931
1406
9264
7160
611
9322
8666
9860
3714
5397
1741
1040
7899
3816
2368
6572
3392
6875
8081
4644
454
6759
7646
5923
8584
9663
2137
116
1004
9282
612
1283
2415
3223
3010
5421
1736
5736
3844
7560
8053
869
5819
8389
2738
7449
5064
113
6399
6856
9058
3608
3996
1667
7523
6167
1353
7116
5929
422
4595
6434
6485
9190
1464
6588
275
5256
1715
7067
6816
5070
943
8111
6286
9584
5810
3040
7158
5557
1825
7207
9834
1089
3338
1869
4780
8604
3441
7579
3604
8364
5827
1326
5710
8800
5236
1181
4154
4010
5104
7041
577
2925
7589
913
4386
9572
8937
431
9522
7604
9474
2490
1767
9037
3464
2908
8694
889
3340
9007
9640
451
1372
7735
5465
377
2001
2923
1592
4796
5408
5360
5439
1905
1358
4805
7149
8260
3674
6412
6395
6007
6325
6065
248
9941
2277
1698
7029
4738
8325
4413
6019
8458
8020
5044
2110
2406
6781
4938
8830
7038
8641
6593
5616
6321
9187
2730
6121
8649
7092
2010
4249
3187
3744
9767
1854
3550
9199
78
4251
4430
9938
280
1380
3751
7315
7665
2158
469
3252
4706
6302
1542
3033
1899
324
8130
3312
3481
5775
4741
8509
1232
8282
4205
7895
5076
7816
2953
1149
4265
7466
1716
5095
5816
6693
4585
2857
3211
6570
4228
5723
8079
5656
6244
6196
7030
8338
5188
6394
5409
5857
3837
7704
9650
385
7078
6660
2244
3731
802
231
5404
6565
4775
852
4807
5536
7592
111
3231
2496
1801
1414
2808
1668
7575
1425
5509
2590
491
4306
5091
4802
9689
8225
747
6928
6195
6571
1794
2757
6733
4495
8506
8614
9411
3460
5740
2978
2963
503
5433
4801
1599
8005
7607
3375
4567
1510
7334
6830
6433
3398
1287
8229
1814
7083
6285
4014
7839
6785
5479
4293
534
560
8895
9929
6349
9928
7691
2278
3678
2171
981
3200
6905
1628
1627
4118
5407
5530
7509
6183
3869
2394
2778
7837
4305
2249
8065
5588
9392
9056
5443
8970
8866
497
1200
410
7644
9262
8162
4769
9728
3916
6281
198
7677
9412
4179
6500
5659
6918
2832
4113
5170
700
2609
3850
5290
9969
2966
9470
4878
5364
6732
7257
1590
6203
1007
2992
4503
8804
3060
67
9885
5948
7488
8481
4426
7572
9402
9486
8510
4879
5894
1556
8120
9388
3638
495
798
5179
8451
9674
7233
4652
7543
4731
1005
3452
8673
3323
643
7326
8001
8135
2482
6803
1836
2215
1202
3562
8999
8028
355
7327
3385
1265
4334
6946
8957
8011
5470
4065
3535
5419
7382
9600
7279
4317
1415
8652
5666
9445
7234
9873
2007
1330
8647
8944
876
3225
2557
1364
6115
3984
6687
6724
4712
665
3158
9366
8029
6350
262
3757
9958
9923
4808
6844
6307
3436
2242
1156
8170
1085
5770
5851
8659
6818
4325
351
6694
3683
2899
3007
1579
1759
4094
7455
8106
290
2190
7109
1151
5398
1113
5199
4172
2326
3107
5275
8131
1594
8790
773
2294
6240
7971
4535
3188
5971
791
2170
8077
3295
9947
6546
5133
9841
1225
7249
2259
8977
1986
5193
2174
5999
293
5988
2069
7760
3359
1585
6872
5856
3539
4225
1308
9484
3968
4480
6555
4464
1665
3713
7141
32
526
1586
1014
5025
66
4719
9363
843
7867
5523
4108
3805
7583
5449
6662
1460
1404
6592
5052
3305
6618
345
1341
3957
7927
3998
840
5892
2309
4473
6191
3673
4733
6248
1125
8625
1127
7715
4536
5973
4913
7802
5590
1691
2642
871
100
7306
3580
4940
9140
3688
2181
6778
8769
4710
8822
4973
5268
4081
8341
3161
8927
6083
8456
4723
4962
5534
1338
8756
9483
8990
3165
2358
6521
2706
338
5203
3248
2185
7021
2586
5459
2821
1823
6716
1908
8015
1907
3374
973
5859
8320
5017
6120
3322
739
1235
904
5897
7095
1696
8764
1431
2143
3695
7664
4742
8772
7736
5272
5317
5220
1082
5089
1781
8080
7877
4819
6847
3903
4929
3696
6021
2109
7191
1527
5103
8635
3884
4610
1778
7019
5673
9832
7618
6217
1738
9570
8528
321
9613
2619
8987
4115
42
4481
8464
6237
9771
8438
1208
3963
383
5009
3047
5814
1357
439
1048
9603
186
6860
4387
465
2866
3345
4860
2430
1300
848
1015
1217
9868
7102
8038
1920
1638
6488
1805
8871
2014
6861
8653
6360
2350
717
209
2432
9482
6793
5576
9722
7973
6871
7203
3066
1860
9101
4676
1253
4340
1206
3722
1146
958
158
6681
4312
8712
1137
5716
657
4893
7442
2370
9874
8022
4357
3208
5112
4298
2975
8892
2203
7757
258
9853
7801
479
8731
1619
1873
5119
6752
6042
5388
9607
9130
9169
8530
4349
208
1727
1857
1213
5939
8414
8401
1188
4289
3232
9555
7550
2318
5420
8605
7510
6698
1274
4399
5320
1878
7611
929
7144
4581
5571
6185
4428
7652
6260
6576
5225
5073
8874
6680
2108
6622
1471
1735
2216
1272
9365
1086
7108
7307
8459
8504
623
8660
9176
2596
4363
9967
7240
7091
4699
7524
9820
9368
8888
50
6526
3181
3928
9567
370
9850
9462
5647
8420
5824
9828
8593
6308
4290
9439
3661
6077
4628
5651
3469
364
1401
3237
3360
3177
5872
746
9418
9877
8759
9182
8062
3288
5729
1001
9601
3344
6904
1896
9063
8191
3970
9826
7277
9043
9121
9092
170
2400
5742
671
7753
9168
3637
3693
9333
7882
2224
4390
9012
9170
4899
7046
8755
339
4453
8911
9653
2977
5417
9343
7134
614
8036
1290
1790
3545
8634
4247
493
8905
171
2869
6359
5
2006
9790
2040
634
6035
2789
1547
2027
9659
6506
632
4739
9779
2564
5327
8938
1224
1374
2192
766
9695
9208
860
8107
3336
7434
5777
7794
4407
7595
4131
1281
9810
6938
3605
9516
7372
7617
4606
3300
4889
7373
8207
3782
6154
4328
5210
1496
143
5035
8076
5461
5483
9172
9749
3111
147
1613
4530
2666
5836
8632
3759
8969
3766
4591
8851
4343
8943
4244
2226
8714
7058
3684
7054
1927
1700
7522
947
4569
9801
5161
7980
2241
3920
4961
742
7681
4484
7075
6510
4100
9566
8732
1218
975
3767
1524
1851
7265
160
7151
7211
2686
403
7208
4275
1969
9903
3773
9593
1675
2017
1306
4508
5132
7424
4868
6501
575
6720
2685
6625
9585
12
1360
7709
2028
3084
97
2820
2898
2026
8608
8983
6640
4823
4646
8581
5050
7506
774
1548
11
2848
8738
3631
5142
862
799
282
7683
8291
950
7658
4389
3352
3183
7251
8494
7900
5062
8628
7168
1917
704
6985
2901
6852
580
2265
8431
5912
3379
492
9558
6780
357
54
2710
6357
5652
2951
7982
6300
6265
1935
3906
4301
1110
9894
1485
3917
1143
2883
35
3216
6709
6130
7725
9123
261
5568
9203
4274
3085
8480
1275
1492
8352
7931
2517
6758
3022
28
8857
682
8746
5728
1995
1623
8978
84
9982
7237
1821
2471
3070
5701
5890
6782
4749
8343
189
4859
6766
781
2461
8475
7298
4770
4778
9477
2715
9745
9004
8824
3202
1451
2436
6848
4964
6289
6955
5942
7219
350
6917
2036
1849
4492
8167
6520
7297
3009
3031
8363
5311
3474
323
1855
5665
4294
8433
9025
9300
7450
2747
6806
1942
2991
1322
2334
146
6548
7684
6111
4917
1867
434
4750
6858
7531
7097
4935
1951
7512
416
3949
8477
1167
7930
7557
5143
4826
528
2258
9524
6509
8305
7408
5197
7667
6303
7454
1900
2022
529
318
8708
2484
784
5464
7220
6957
9428
8286
205
4885
8448
3386
5271
2528
9081
2705
18
722
1555
8507
8407
3455
2533
4883
9353
2658
1017
6493
392
3100
8288
3934
1872
3315
1723
206
5486
6635
8850
7990
5007
5641
5227
6613
2896
7800
5048
6835
5391
9934
4058
5280
8140
4242
7316
2153
7263
3275
5593
1396
3000
5717
5410
8178
1997
7651
1674
6323
9426
9993
4277
6199
8706
2847
2236
7761
2417
2434
2310
8347
4786
4785
3741
4983
2357
4112
3408
4069
7033
5250
885
3387
5951
2489
62
4245
3900
8630
5830
7034
1662
6366
2102
701
1543
5334
7861
334
5198
2514
4528
9538
8606
779
8965
7333
1754
4584
4408
9658
4728
5803
9768
2243
2146
5861
8681
7943
9831
178
5279
1574
7647
5702
2754
5306
3810
2574
9950
927
8019
1689
5342
5300
7080
4207
4252
1558
5081
7490
6463
8828
6282
7175
1282
9535
8580
6963
3213
1395
8677
9095
8661
1677
1892
7947
9880
3780
5340
5173
3157
5084
6659
6175
4594
7525
5381
7701
9556
1931
761
8039
6469
1067
6882
635
7422
2172
6143
7009
2560
8443
9311
7776
5619
155
9082
6153
5749
7584
6210
3088
4215
6076
9713
487
6845
5815
1571
3812
2134
5807
3564
8783
4632
9321
4990
9281
7015
2057
3537
6799
9330
6751
2684
5262
7727
7189
8837
4418
3582
2071
2222
4681
4995
3874
7421
9781
9791
9492
697
5460
7043
6731
5711
4794
9525
3164
5211
356
6161
93
1621
6941
9541
7710
5732
4111
3162
6533
9146
1795
1284
1462
2066
1039
1488
8485
2833
1955
4501
436
9696
2411
9596
7285
2970
5669
764
6476
3212
3477
8122
6497
3848
983
9164
4926
1115
5774
9808
8006
6347
7813
5453
3078
6057
6370
7905
2145
5229
6628
609
4834
989
2791
2191
6157
6027
5228
8088
854
7985
1370
9132
9526
1925
2273
7051
3990
1885
8518
8059
5223
4839
6181
3612
2197
6923
8136
2592
8334
1083
1535
5499
4296
9783
677
1503
8344
655
3003
7750
2762
5937
4120
6907
4297
7274
247
1816
6449
3468
7845
9630
5264
8796
6273
7643
8989
7988
564
9318
5928
9001
3924
1581
9228
3680
5244
3570
1419
8092
7024
5038
8269
9847
5611
7260
9527
4901
6624
5467
7053
1699
881
4308
1163
3867
3768
214
7242
363
6364
4345
3710
6139
3523
4638
992
4392
4366
545
8602
6668
5343
6772
8901
8357
6106
4064
7546
5628
7150
4263
2414
5291
2626
5852
3353
1368
5802
426
1109
9625
6034
2553
796
896
4677
8860
6824
9054
9433
5094
5676
2497
7486
8017
9215
1386
3833
1930
6005
5596
4253
7896
501
9794
8670
4921
6293
8754
9113
3676
2281
2127
6254
102
8349
8855
1532
2012
286
7880
762
2015
471
9565
1789
2275
1136
3947
7366
4356
2128
752
8553
1843
7059
4178
9440
7446
9284
5122
3484
6604
4440
3775
905
5147
4236
5168
1891
8521
713
2906
5416
786
7481
1729
9305
7362
7299
4351
2455
7347
7660
3662
4629
5456
4515
9204
4825
2387
3666
4331
5994
5380
966
6149
8551
3813
496
3973
8797
4268
6960
8715
9867
5642
2220
9727
1437
375
283
5379
4835
4975
5041
1294
3139
5805
6948
3259
8968
3921
3069
9806
7384
8820
2324
3365
3888
3403
1844
4874
856
1124
3383
68
1489
63
3267
4442
6619
533
3804
2522
4054
4232
7498
1608
2308
5042
5945
400
2897
7563
8047
3791
16
9706
5527
4105
1423
5558
1596
470
2954
6270
6355
3639
1222
4529
6430
1775
4347
2125
5369
2247
5980
7774
9488
2074
2311
2295
9609
8704
9436
6447
3192
5650
5482
949
4299
4654
3115
246
8600
346
2781
6046
795
2683
1339
990
7851
1266
1421
9569
8484
4724
1765
3108
5953
5427
9261
8348
6676
2673
4552
2985
4963
8654
7778
4218
399
3097
7609
3419
7077
5798
437
7479
199
2160
6384
2817
8501
8212
6294
6742
2662
3543
7437
3335
3260
7145
4746
185
7007
1011
3828
6988
1747
9762
9855
7258
2525
7126
4702
6773
1595
9788
6914
1914
6107
9816
2501
4181
2546
6377
430
4374
825
5276
8932
4627
9138
7452
5032
4897
2287
5127
9
3619
7431
2061
9508
9825
8057
512
4992
9546
9405
4665
8719
3058
647
4674
4564
1797
2020
9955
8052
2696
2800
8177
583
6216
5620
4166
729
2196
3824
3909
4055
3167
4240
5303
2651
4999
8934
6344
5618
8074
9597
8105
7891
6540
3665
3229
7483
4078
444
993
3234
4422
4625
6224
1546
3244
5834
4679
4773
2359
6664
3446
9306
3702
2219
2616
8386
590
4401
5526
3224
5567
8878
9776
2566
3938
8100
4708
5313
5432
979
4018
6114
7293
442
6326
2707
9050
8811
8254
4592
6205
1697
3517
723
9964
3717
6468
9287
6264
1708
4497
4886
9344
8418
2740
7414
1342
1286
8243
978
6515
8863
780
7949
8379
6095
6671
5277
1223
5163
4568
7853
5862
8356
1234
5637
813
7862
6612
5138
9655
3504
6598
9386
3498
4310
6802
9678
4186
5302
2649
7854
2950
1130
9342
6411
7250
1732
6762
144
7884
2744
5146
6944
5485
388
4650
5029
3126
9545
9765
3476
8471
1258
1139
6381
1076
1975
6093
3101
5757
5008
2928
4624
4381
9000
8457
9990
2407
8699
7630
1010
8925
1947
3092
9348
6044
9752
6103
2643
5737
2347
5172
7907
5533
3032
7027
1921
9890
2846
2495
775
2668
3951
8409
941
4066
8374
5546
1064
3034
8508
2460
419
9533
4898
1847
8644
3715
4238
1726
237
7181
2842
6495
424
3567
2919
912
4843
8946
9685
4338
2942
7898
1219
5662
8214
5674
297
7587
2049
5090
3197
7708
9949
7353
3565
4732
8280
1526
1601
329
6283
4601
7625
2956
9551
7392
5384
5117
5967
5237
1678
5345
6842
8962
4095
8561
4052
2465
1420
81
9244
6673
335
7979
373
1600
9035
322
5204
9590
2240
5793
2855
8437
3971
5140
182
8964
3122
5287
8565
7946
8194
8466
2383
4117
883
44
9013
8572
7885
407
3351
1408
4432
8447
2304
3297
2285
986
2611
3898
1263
4273
121
8839
7601
1884
7195
1393
337
180
6061
3977
1280
3317
5919
8802
7552
238
5771
6873
4335
2441
7386
1832
4187
574
8532
6478
3233
9341
7499
9015
1174
7538
2893
207
288
6097
5562
2435
9328
4140
8564
7679
5622
3627
6126
2152
3630
2041
7653
1021
5013
1088
8967
9279
2289
2424
380
1069
1864
3176
6211
819
1392
610
685
8425
5958
8290
4049
1036
7089
260
6272
962
6062
5086
1637
3494
4707
6993
112
7309
3778
6979
7291
5305
4615
5129
7758
4039
8658
6992
672
8669
4830
53
6436
541
9836
9183
6229
8609
7430
255
1979
3764
4922
9193
7500
5293
7273
9563
1100
8568
5840
9811
4359
1022
1367
8499
6783
6857
9634
401
878
7777
2118
6811
8792
6529
6087
8767
3459
7497
3646
1529
1706
9649
5108
7874
2225
4875
6827
9518
4872
1639
3008
3723
8125
1552
6582
500
4395
8495
1988
6437
9011
3576
4587
9511
2809
7204
1798
6661
8972
1123
5678
2419
4024
425
2374
3733
6424
5178
6637
3289
5158
7600
9961
256
2993
2648
9914
4036
7264
5914
7253
9100
6649
907
7928
9256
8550
2139
1032
9979
9136
9030
8842
7855
5722
7844
7977
8292
6926
8096
8199
6001
4687
3643
1990
5065
3240
2385
6874
2253
5607
7162
2763
6809
2930
1180
4213
7714
164
1037
2443
5773
8707
7886
4427
6912
3443
6654
4812
2168
9775
5304
7894
9139
1940
3301
7827
1720
2452
7399
903
7697
3113
9647
1433
4262
6675
1721
8112
5949
9904
8240
4000
5690
5747
9301
6276
9175
6663
7642
5540
4640
911
5751
2949
873
2661
6595
6299
4813
3786
1822
9785
4417
33
7022
838
2398
4510
5102
7540
4174
2681
8525
5430
9060
1411
6324
5766
1769
598
3555
2475
6708
7111
750
7576
1371
2988
6952
4541
9088
8032
4409
187
8273
4415
6568
1356
229
3658
1561
8084
3273
6230
5806
4291
5693
192
2810
9097
7476
2633
7671
6373
5975
3649
9118
5947
6599
2042
8206
1494
8201
7869
3512
9010
8667
3130
4032
8061
6257
3505
9114
5782
2844
9626
9423
7380
9819
776
8257
9105
8908
735
6081
4857
9036
2283
1815
3483
1153
9848
9881
219
3204
663
3282
650
1182
4468
2766
8174
3719
7494
7785
2693
7147
9371
619
1108
2905
73
1770
6369
8762
9976
8380
5266
9038
3059
8555
9936
586
7028
7978
5763
8426
2124
2742
1882
8487
2881
5881
522
2067
1063
1589
537
1560
3045
1038
1316
7432
4145
9754
6532
9267
5838
1422
5959
6220
4400
114
9068
6053
6865
706
7678
7769
7782
3283
7135
7280
5399
7292
2505
4642
7052
5907
2227
515
6151
755
8372
4760
6508
4139
3143
9622
2486
6721
8918
5865
884
6578
4137
3095
4695
1818
1214
2556
5743
8517
446
3590
6047
6233
1897
6898
8271
4698
6156
5591
6256
5021
7551
7680
4483
8650
1507
1160
6312
9090
4030
8200
391
1687
5246
5787
6791
4050
4960
1998
8613
4797
8751
5900
5954
7047
566
468
7389
8099
6891
9534
302
5511
6870
8171
4129
8114
9948
1837
343
2543
2156
5445
2712
8831
5299
6925
788
8818
938
9981
181
6068
6002
6142
7820
7981
6561
6763
5239
1752
5363
36
9641
2123
8155
7919
1457
570
2270
4927
2915
5257
1441
253
3401
589
3632
9922
5725
6777
6368
85
5689
649
5395
8306
7712
1679
5096
9743
5071
2164
6594
9673
2890
2519
5934
9253
5630
3342
4233
29
3660
5255
4038
4005
159
3584
6467
8321
8627
5069
9319
5493
8736
5629
2021
1685
1247
6367
6422
9084
1842
3701
7314
7177
3347
6718
9666
4930
5389
7654
8142
7549
1517
4765
5870
5463
1629
7954
8384
2175
5508
768
5668
4684
3089
1876
4543
1545
4550
2187
4160
2312
455
361
3127
4104
5361
7008
674
9774
1868
5150
4378
6249
161
4600
5887
3785
37
7123
7271
5640
8541
3611
7171
6242
5791
8287
8113
664
6483
2421
2077
4736
312
4163
4358
908
3148
8266
9730
6398
4090
8429
8259
461
1965
1384
4590
8664
5877
2910
9265
6798
4911
193
8651
9672
6719
4362
5695
9621
1959
8440
6585
4368
6994
4678
1078
8610
8833
4824
3250
4316
6311
8592
5472
168
7094
9750
5232
4793
4970
8252
1348
441
4348
2799
8190
2131
2212
8476
9737
4193
9968
5529
7889
9592
473
1820
1783
499
9317
5357
9485
1763
7005
7859
4557
833
3740
4075
7795
9915
4545
8393
4831
1077
8342
6190
4551
2229
3908
4079
5215
9268
4605
5755
6933
8563
754
1122
3251
767
476
3652
4216
8656
2305
7997
8776
9271
4586
4598
6346
4757
9370
3316
8241
5891
1713
1751
7953
5634
2000
2410
9930
5518
3546
235
3575
732
9197
3255
2068
6310
915
8165
7376
1033
9472
6480
7474
9352
8345
4398
8868
2150
6739
527
8123
2520
3533
7230
8048
5940
9772
8058
8533
2403
8220
1602
2655
1465
6298
8428
9513
4439
123
6503
5560
24
6817
2136
3706
1559
6973
2790
5708
1369
3509
9571
785
4848
6764
307
9283
830
7942
2936
9995
3194
5331
6513
1424
3405
2634
3439
3886
2935
925
5869
5292
6037
9429
319
2512
9539
2500
7921
6280
2476
9660
142
5075
2178
8919
524
2563
3891
2393
4411
1919
3049
4385
1737
9065
2691
4849
9744
2695
2523
8516
3834
3536
7311
2154
6110
817
8734
4479
9093
3942
9761
3781
6388
8027
8631
2854
1450
8618
3063
9559
366
2663
5551
5671
6868
4504
1999
4880
9895
2478
9161
3253
6607
3698
1796
8044
2194
7017
7716
3700
8826
1502
7228
7124
8779
5022
1761
6427
4790
1062
6552
3243
4151
4817
8500
342
845
1168
6645
4711
3334
1244
679
5058
2504
9561
8775
131
1505
3962
5724
8966
8318
8809
9921
4452
4138
6124
3361
9652
9312
8354
6145
9024
6362
1672
8881
1773
2903
5991
2106
8865
6182
1569
2351
550
8956
1490
2039
5721
2184
7545
6079
3866
7456
2264
1228
5778
6479
9269
6822
7513
6136
5748
7407
39
1279
4469
1831
6361
3958
104
8353
6790
8991
8217
4002
4664
7863
9657
803
1973
1236
224
2458
5962
1987
4229
2444
2032
9529
969
8021
3526
601
1292
2113
2776
2279
9211
3399
7599
2122
6218
3922
1711
850
6717
9548
5754
2914
2207
5570
414
1530
5552
5258
8678
5769
5541
8115
6000
5866
2534
662
3118
6163
9331
2233
705
362
3257
332
1730
7767
9324
3285
6538
1027
5878
9391
7190
6358
9475
9336
5494
6071
3343
8640
3136
7720
7045
7967
2702
5974
9624
4994
4884
7267
6417
2252
8398
4534
5373
7331
427
7888
8143
5358
8284
6060
1544
4500
9277
1084
2657
3061
2859
8246
5281
3486
4919
8046
1447
3765
4720
2303
5977
7443
3936
8110
2094
4953
2469
5412
4762
1268
2464
5424
45
225
3169
3633
449
353
7532
8794
8089
8397
3771
9724
7345
5423
6105
9459
6771
1337
3654
3191
2995
6605
2058
5575
5001
5429
4818
6094
4445
316
4957
5847
5191
7924
3090
9608
6893
6487
4424
2615
636
9975
1719
9547
9809
7565
1193
930
9872
2423
7085
4694
6697
8787
4923
6166
60
1808
1653
1881
336
245
9496
6170
7180
7187
7283
8486
7049
7458
1743
3653
7615
3451
602
3354
3094
2485
3902
1013
1150
453
2416
5335
4958
5960
841
6343
633
6082
8491
7514
658
5780
1541
1646
1680
7090
3858
6823
605
5741
624
535
4779
9077
3358
5686
520
5961
77
7944
2210
7003
3228
4025
8556
2396
8265
692
3516
5504
2545
3581
5060
3326
6903
1183
7011
5831
7210
2527
8621
9759
9562
5400
5488
2573
2788
9932
4613
4554
1466
8780
3753
3368
7596
926
9466
387
1874
3168
3956
2601
2641
8441
2721
4412
7860
2669
8298
1787
2003
660
9814
8184
3410
6180
4437
4518
7689
9357
2580
4952
1724
7438
1852
9249
6684
8279
7276
3021
3120
4688
8264
6336
9355
460
8411
3042
1551
4781
4540
2386
7371
8186
6755
5506
4641
3806
5326
7130
3425
7286
4556
5176
4755
5915
5578
8705
3341
5217
2044
6198
6727
5031
289
2115
2132
5828
4013
4391
7202
3445
6404
9845
7350
9953
298
5418
3221
482
4447
9200
7464
2043
5377
234
8689
9913
1041
5644
9957
681
2013
8917
6843
2979
7591
3750
2148
6490
6146
6050
8424
3738
579
5365
9241
5157
8213
8012
3362
5910
5113
2531
8224
1956
3319
8258
2327
1945
8498
7803
7993
9214
4956
6073
8520
3503
30
4288
3846
2009
8840
250
2733
620
4767
1912
933
8294
1570
6236
4947
592
4063
2937
9424
169
3527
4850
2989
4542
2723
4383
3246
9628
751
3752
3004
597
1834
7843
2645
9974
3024
7737
3870
9019
7142
7192
9133
9998
8524
3541
5677
8450
4097
9165
5012
41
7577
7062
9021
4936
4102
1731
8385
5382
6999
7936
3679
7848
2238
8244
7910
7114
8963
6877
6335
5753
9984
531
9226
4505
2851
5846
8827
1375
9340
1187
7783
405
9186
5586
7081
7044
9150
6250
5752
3687
9856
7225
5139
8906
2828
8992
3583
3193
326
1198
5839
9886
8742
4259
7825
8841
7310
6750
8864
3355
6894
6804
7427
2849
7912
4709
4376
5521
9152
1216
9053
3981
7357
875
3082
2448
6949
2818
358
2568
4475
5813
2814
5952
6351
9645
4560
5015
8849
456
331
6603
5776
8799
6014
3762
753
3274
1952
6387
1859
1603
1023
9233
847
715
5145
9919
2679
4810
8741
9115
5663
2112
3154
1484
9617
7744
6524
9096
6556
6251
3478
8175
3373
9552
948
2144
3974
8744
9205
7341
6004
1129
9554
5832
3556
9441
1692
7355
3739
3635
69
177
5088
8297
3522
7879
4190
120
1894
7036
6018
5322
5189
6162
3491
9726
8108
4524
4967
7403
9501
6653
7157
369
325
7707
4730
4494
2595
3406
1190
7659
2098
9072
9849
478
2544
9799
5401
2085
3677
9840
5681
1866
6345
5545
108
7866
2792
5083
1311
2885
31
666
3520
5730
9870
5563
8949
5405
5931
6
8639
3304
8596
502
7755
9664
7796
3106
9014
4597
8798
4396
1923
8566
2737
4877
9782
1983
8723
3600
6407
8542
2307
2724
9075
7354
406
2632
6589
3955
9623
3201
8545
3910
8310
6869
1299
8816
8430
4150
8945
645
4533
9487
3277
9902
8701
1582
8626
6584
4353
8024
1717
5171
8920
6084
5935
7348
2539
9602
7626
6284
893
4892
3131
8578
7675
3102
8848
9350
6690
2997
2834
1377
9636
5374
4659
413
9595
5059
9711
4326
3591
4822
3057
759
6534
1562
6795
4521
6629
7113
4365
3390
6274
5670
822
1432
7098
3614
4588
8570
5046
292
670
3357
7571
1303
3311
5288
5080
2361
7415
7423
2588
7378
5182
836
2677
8198
9381
127
8251
2984
9473
4248
3913
9247
7951
8148
7743
554
1949
829
9818
820
279
2105
5366
2321
539
150
1766
4072
3235
1554
2467
6228
6939
1242
9633
5245
5481
5190
3532
9540
404
7266
6219
2343
4327
2960
8137
3254
5516
6535
7822
4682
9800
9839
6696
9503
7467
8648
2284
301
9693
1785
7721
3774
152
5720
6666
765
5549
1034
9823
3728
8538
3569
6685
7752
3800
872
6168
7527
8103
7349
5731
7200
9345
7940
8852
9933
6315
2996
9395
4548
745
953
3467
2877
5180
8522
7829
3174
1553
195
4998
4647
8763
5933
6916
7541
5249
4456
1497
1362
3763
5136
1298
7548
6950
1417
2331
3868
7824
1329
9078
9846
8025
7199
9725
5097
576
7613
9991
4522
7703
8686
6836
1118
6610
8870
694
4402
4397
8740
1953
6023
1958
5478
9207
7359
1887
8953
693
2852
1913
7811
5603
5990
4593
6841
1936
783
9236
6638
3685
1400
6152
4414
4080
9229
4578
1209
1142
7137
4210
137
6557
1580
1694
5601
1587
976
6446
4538
4499
9668
4394
1606
2722
4609
239
2082
9898
7606
6878
7694
4867
9310
1568
1403
7201
6052
2759
9680
9406
6689
8183
3966
7459
315
2384
4854
1597
3953
3690
3667
3147
9407
5587
6017
8247
6402
763
4559
6013
3519
680
8173
7950
4984
695
1661
8154
599
5762
4971
1650
4272
1354
5030
6116
9579
7042
6743
1016
272
1472
3261
5758
2070
4701
5447
4795
8575
2336
6262
9830
6104
7296
2779
1941
2577
480
6854
8998
6866
5023
1394
5484
835
3542
9587
2186
8133
561
2924
5594
8617
2620
4315
9351
2882
5925
8858
7492
1262
8432
5067
5700
1622
1240
1498
1648
1128
7000
4324
3613
8421
8210
5487
8296
4565
8835
381
3790
7255
8007
6972
3377
7325
4928
3490
2640
9299
9897
9003
3262
367
9009
9560
6775
4284
8869
5185
5788
4896
330
6573
3530
6545
7741
1307
3331
5627
9275
3618
5319
7107
1413
9858
1657
977
3602
8745
90
811
4180
6200
6129
1926
5845
9494
6406
5000
7629
294
203
9549
5524
2300
6639
5993
3116
8179
8997
6769
7515
4965
826
2391
5109
4997
284
8388
5213
4714
7893
6577
6981
9126
3487
4146
6801
6596
5683
8616
5393
3391
8710
4915
5253
464
8455
3226
9335
8003
6614
5505
7120
6967
2932
595
9243
2428
920
4177
3278
8085
5205
931
3144
6602
5010
7568
4023
9457
7462
1902
8713
8698
1758
508
40
6774
5761
8002
3747
4804
2296
7610
2735
5026
4716
4103
1943
2293
659
2395
6356
4986
9372
4106
2272
3578
5718
9813
9258
6173
9446
3939
593
6964
4512
756
9220
8873
5909
8958
4029
988
8547
1491
6208
7842
2048
2780
2422
1550
9346
117
6932
8576
8815
9875
6825
135
894
1725
7252
9506
7945
2510
8086
558
9893
7128
4123
1961
5789
9307
7959
1858
154
7356
3462
7012
6881
6725
1630
3470
3529
1204
6921
3761
3236
8549
3606
1289
3103
2769
5874
3471
4286
4704
7958
9116
9448
4993
6553
7087
7226
1632
5653
4271
9899
1398
2397
2541
2980
5284
3056
2604
6204
3123
5425
86
4364
2871
7955
3179
4604
4026
6609
9142
4747
4828
562
1334
1513
8248
1060
1828
3547
4070
2337
3601
2625
1971
7214
64
3875
3817
4119
653
1651
6331
2675
5565
1343
7696
8771
3772
7821
6627
1982
3629
5235
7216
8416
2320
4231
730
7209
1133
6063
3931
2708
3901
3758
257
4902
1344
9231
6227
7637
4882
7765
2938
8396
2725
7176
7313
3749
4657
5825
518
6507
7668
8724
5654
8676
6491
8529
9162
1092
6258
842
2180
821
7163
3264
210
9086
9702
6055
1757
188
8071
1610
7974
5539
3308
7281
7984
2297
7370
1616
5707
96
1164
1681
4226
1389
3413
5194
1157
6091
2700
6470
8519
964
1245
2141
5061
317
7468
9683
2987
581
9960
2768
9389
8242
4836
6674
8720
7751
5040
9620
3151
3622
8543
4761
1166
3756
2548
1138
2830
6691
6194
475
8975
5196
3125
9997
3587
4168
8000
2856
1154
542
8181
4777
2635
8907
9479
2878
5233
6275
8402
2502
5804
7620
306
2823
1269
5510
6135
2909
1479
6665
3514
587
9044
3793
6611
4346
2437
4169
5986
8513
4955
8601
8109
3407
688
8657
2087
5853
9648
9965
4007
1229
2405
4782
8313
1693
4337
9383
5049
5614
1756
808
6913
3450
4840
1957
9815
2922
6695
8031
7127
4721
7890
6214
5045
2654
1889
4671
6252
9531
3492
3309
1578
8986
9986
6757
7641
3076
613
3558
9499
9347
6849
8490
4267
5455
9067
2822
690
236
9180
9374
9144
